2
1
1 
2
2
0 2 
2
3
4 3 4017 
2
4
6 5 7 0 
2
5
10 11 8 9 0 
2
6
15 14 13 12 0 16 
2
7
21 22 20 18 17 0 19 
2
8
29 28 27 25 24 23 26 0 
2
9
37 35 36 33 34 32 31 30 0 
2
10
46 44 43 45 41 42 39 40 0 0 
2
11
56 54 53 52 55 51 50 48 49 38 47 
2
12
66 67 65 64 62 63 60 61 58 59 0 0 
2
13
79 77 78 75 74 73 72 71 76 70 68 69 0 
2
14
91 90 89 92 87 86 85 84 88 83 81 80 57 82 
2
15
106 105 103 104 101 100 99 102 97 96 98 95 94 0 93 
2
16
120 121 119 118 117 116 115 114 113 112 111 109 110 108 0 107 
2
17
136 137 135 133 132 134 130 131 129 128 126 125 124 127 122 123 0 
2
18
154 152 153 150 151 149 148 147 145 144 143 146 141 142 139 138 0 0 
2
19
171 172 169 170 168 167 166 165 163 162 164 161 159 160 158 156 157 140 155 
2
20
191 190 189 188 186 185 187 184 182 183 180 179 181 178 177 175 174 173 0 0 
2
21
210 209 211 208 207 205 204 206 202 203 200 201 198 199 196 195 197 194 192 176 193 
2
22
231 230 229 232 228 227 225 224 226 222 221 223 220 218 217 216 215 219 213 214 212 0 
2
23
253 252 254 250 249 248 247 246 251 244 243 242 241 240 245 238 237 236 235 234 239 233 0 
2
24
276 277 275 274 273 271 272 269 268 270 267 266 265 263 264 262 261 259 258 260 256 255 0 0 
2
25
300 299 298 297 296 301 295 293 294 291 292 289 288 287 290 286 284 283 282 285 280 281 279 257 278 
2
26
326 325 324 323 321 322 320 318 319 317 315 316 313 312 311 310 309 308 314 306 307 304 303 302 0 0 
2
27
351 352 350 348 349 346 345 344 347 342 341 340 339 343 338 337 335 334 336 332 331 333 330 329 327 305 328 
2
28
378 377 379 375 376 374 373 372 370 371 369 367 366 368 364 363 362 361 360 365 358 357 356 359 354 353 0 0 
2
29
406 405 407 403 404 402 401 399 398 397 400 395 394 396 392 391 390 393 389 387 388 386 385 384 383 381 380 382 0 
2
30
435 436 433 434 432 430 429 428 431 426 425 424 427 422 421 420 419 418 423 417 416 415 413 412 414 410 411 409 355 408 
2
31
466 465 463 464 461 462 460 458 459 457 455 456 454 453 452 451 449 448 450 447 446 445 443 442 444 441 439 440 437 0 0 
2
32
497 496 494 493 495 491 490 492 489 488 487 486 484 485 482 483 481 479 478 477 476 480 474 473 475 471 470 469 468 467 438 0 
2
33
528 527 526 529 524 523 525 521 522 519 520 518 517 516 514 513 512 515 510 509 508 511 506 507 505 503 504 502 500 501 499 472 0 
2
34
561 560 559 558 562 556 555 557 554 553 552 551 549 550 548 547 545 546 544 543 542 541 539 540 537 538 536 534 535 532 531 533 498 0 
2
35
596 595 594 593 591 590 592 589 588 587 586 584 583 585 582 581 579 578 577 576 580 575 574 573 572 570 571 569 568 567 566 565 563 530 0 
2
36
630 631 629 627 626 625 628 624 622 621 620 619 618 623 616 615 614 617 613 612 610 609 608 611 607 606 605 603 604 602 601 599 598 597 564 600 
2
37
667 666 664 665 663 661 662 660 659 657 658 655 656 653 654 651 650 649 652 647 648 645 644 646 642 643 641 639 638 640 637 636 634 635 632 633 0 
2
38
703 702 704 700 701 699 698 697 696 695 693 694 692 690 689 691 687 688 686 684 683 682 681 685 680 679 678 677 676 674 675 673 671 670 672 669 0 668 
2
39
742 741 739 740 737 738 736 734 735 733 731 730 732 728 727 729 725 724 723 726 722 720 719 718 721 716 715 717 713 712 711 714 710 708 707 709 705 706 0 
2
40
781 779 778 780 776 775 774 777 772 771 770 769 773 767 766 768 765 763 764 761 760 759 758 762 757 756 755 754 753 751 752 749 750 748 747 746 745 744 0 0 
2
41
821 819 818 817 816 815 820 813 812 814 810 811 809 808 806 805 804 803 807 802 800 799 801 798 797 795 794 796 792 793 791 790 789 788 786 785 787 784 782 783 0 
2
42
861 860 862 859 858 856 857 855 854 852 853 850 851 849 848 846 847 844 843 842 845 841 839 838 840 836 837 835 833 834 832 830 831 829 827 826 828 825 824 822 743 823 
2
43
903 904 901 900 902 899 897 898 895 894 896 892 891 890 889 888 893 886 887 885 883 882 881 880 884 879 877 876 878 874 875 872 873 871 869 870 868 866 865 867 863 864 0 
2
44
947 945 946 944 943 942 940 939 941 937 936 935 938 934 932 931 933 929 930 928 927 926 925 923 922 924 921 920 918 917 916 919 914 915 912 911 910 909 908 913 906 907 905 0 
2
45
990 991 988 989 987 986 984 985 982 983 981 979 980 977 978 976 975 974 972 973 970 969 971 967 966 965 964 963 968 962 960 961 959 957 958 955 954 956 953 951 952 950 949 0 948 
2
46
