10076
9821
3174
9979
11586
72677
14726
10225
10043
122898
15996
13697
14128
153300
27105
21092
1584
218406
930856
9559
85019
179330
12375
9554
16768
15970
94057
72542
10484
145570
1867
15416
1686
12756
114958
26488
25347
9706
39149
71125
10312
2835
22137
46587
160953
11153
12978
2534
8849
12352
36540
3895
10233
112814
7483
9493
77274
22634
73684
59510
40395
33495
30746
11325
186203
10491
13362
13476
50092
48921
67945
95398
12603
13928
13068
22175
10211
334291
63709
61378
32746
126853
94880
33963
199205
201439
68606
12342
14368
13083
16856
22511
171004
3163
22890
316277
68294
20236
324648
10030
173331
12648
30304
29366
185517
8333
86639
218488
22068
11325
12472
130744
57137
17136
9357
1741
10077
11058
14573
46203
21308
13411
85742
25056
27768
22297
9468
10830
12331
9541
35897
25255
32958
220223
9922
36137
14338
164287
11649
2134
123845
10028
11841
3291
14229
139732
31051
27333
234071
70234
324011
288527
7239
26841
67180
15568
47048
137984
20222
7838
11938
93133
14958
2510
10808
73361
168183
14836
254314
10162
92577
9791
19162
117193
14977
14952
12851
11665
37836
88203
219178
64087
35301
17884
2713
10174
124262
25102
29738
15369
17766
17494
39390
4274
12593
9944
56392
11823
13349
14433
10754
20626
79940
52594
22730
16702
16780
5786
42285
12396
58393
413462
120134
10445
77144
9884
135925
6208
100924
12857
103327
7490
126463
253949
14290
10427
40785
170214
265899
11373
87821
36892
376332
25971
220920
252812
18087
20695
15679
21223
5825
14650
66603
635015
17318
154125
11643
42820
59885
12648
775581
9629
7599
3732
10165
38059
18248
201164
416063
9949
2453
24440
19470
3553
13193
12750
72110
368815
11262
10070
193767
79233
577509
134120
14743
12316
16185
9670
48502
189237
30594
17423
10812
71746
15373
6956
16281
17921
9941
15196
10180
54338
28503
11654
23432
33999
139924
11742
15557
46444
9748
20809
9659
20785
76525
37058
22850
30258
9674
10203
18000
280651
11134
12508
54336
30289
9741
47219
57389
346393
12283
14930
49930
44647
66643
50534
2160
15219
25940
3708
95063
58038
14623
89827
18595
62840
31362
59864
10028
12546
10171
20087
52150
15757
9839
14493
37571
4332
10600
19399
10252
9436
33718
101552
54508
106940
450864
2640
121101
66264
78968
48886
10977
129054
9183
2773
45050
587736
13787
24226
104586
43091
379523
310294
11310
83975
159398
324511
10410
11449
12287
10733
286064
2584
19409
512113
9501
9913
10629
252000
10455
9964
136239
13018
63678
10138
103292
6600
95643
24826
48920
21942
11635
14265
105195
197165
166421
26161
10349
114924
77155
16321
11119
4267
301701
2545
220720
2683
52029
10637
98702
11858
28084
17962
243571
79644
8057
1528
3307
1409
43584
13279
165940
14299
5948
10063
3398
10898
14817
104327
128814
141458
17197
8306
9384
55504
4362
69251
13368
62718
12523
10456
9979
35239
2336
25692
10186
27621
120739
18324
1961
9324
3063
12707
2151
165276
52283
6723
12513
105501
29071
9208
17035
8041
26895
21334
75103
331876
53663
2740740
9901
21727
31849
18531
32929
48798
79873
10779
12289
23469
20854
26825
44767
34446
51776
62531
6795
10212
12483
16226
